-58.0463
-1.15444
-67.6576
-55.5231
-0.466241
52.8296
-7.04958
96.6599
-36.6126
-18.9545
78.7553
-15.4332
-95.6475
20.0712
18.8909
-10.3248
-85.1836
23.4603
6.61489
-3.01258
79.5534
87.78
-91.5764
-96.2385
37.1148
33.9607
-56.6421
44.9718
72.3845
19.322
57.935
-71.967
88.0401
29.4055
-96.5524
-58.0397
33.0803
68.3121
-33.6034
67.1537
-52.2717
-40.1199
-13.7735
-86.9048
68.2591
-1.65733
-85.9253
55.213
-98.6576
-15.8599
-41.933
30.2816
-40.6422
-62.1333
-56.9629
-77.3784
66.2373
33.9282
42.5937
-33.1336
-34.0401
27.5074
2.16768
91.3024
-73.34
8.97193
8.99666
-69.8342
-40.4531
85.9179
17.168
-44.2664
-18.0945
39.9608
-18.4793
84.2768
-54.6958
70.3696
15.4093
95.4722
-57.9768
42.5323
-15.0015
-70.4861
-73.0338
-33.4578
-92.6132
53.5914
-26.8977
34.902
-17.092
-85.2076
60.35
52.0686
-22.8765
-90.591
-94.4958
-31.4794
-67.6799
-86.3445
